  64   64
1 1
    17.705217197712788    -0.000000000000000     0.000000000000000
     0.000000000000000    17.705217197712784     0.000000000000000
     0.000000000000000     0.000000000000000    17.705217197712784
1 2
     0.000000000001435    -0.000000000000000     0.000000000000000
    -0.000000000000000    -0.000000000000017    -0.000000000000000
     0.000000000000000     0.000000000000000    -0.000000000000017
1 3
    -0.000000000000017    -0.000000000000000     0.000000000000000
     0.000000000000000     0.000000000001435    -0.000000000000000
    -0.000000000000000    -0.000000000000000    -0.000000000000017
1 4
     0.000000000001590    -0.000000000000000    -0.000000000000000
    -0.000000000000000     0.000000000001590    -0.000000000000000
     0.000000000000000    -0.000000000000000    -0.000000000000034
1 5
    -0.000000000000017    -0.000000000000000    -0.000000000000000
     0.000000000000000    -0.000000000000017     0.000000000000000
    -0.000000000000000     0.000000000000000     0.000000000001435
1 6
     0.000000000001590    -0.000000000000000     0.000000000000000
    -0.000000000000000    -0.000000000000034     0.000000000000000
    -0.000000000000000     0.000000000000000     0.000000000001590
1 7
    -0.000000000000034    -0.000000000000000     0.000000000000000
     0.000000000000000     0.000000000001590    -0.000000000000000
    -0.000000000000000     0.000000000000000     0.000000000001590
1 8
     0.000000000001738    -0.000000000000000    -0.000000000000000
    -0.000000000000000     0.000000000001738     0.000000000000000
     0.000000000000000     0.000000000000000     0.000000000001738
1 9
    -0.000000000000412    -0.000000000000030     0.000000000000019
    -0.000000000000069    -0.000000000001674     0.000000000000069
     0.000000000000019     0.000000000000030    -0.000000000000412
1 10
    -0.000000000001678    -0.000000000000137    -0.000000000000007
    -0.000000000000137    -0.000000000001678     0.000000000000007
    -0.000000000000009     0.000000000000009    -0.000000000000353
1 11
    -4.567538185920196     2.872861771283572     2.872861771283572
     2.872861771283571    -4.567538185920196    -2.872861771283571
     2.872861771283571    -2.872861771283572    -4.567538185920196
1 12
    -0.000000000001674    -0.000000000000069    -0.000000000000069
    -0.000000000000030    -0.000000000000412    -0.000000000000019
    -0.000000000000030    -0.000000000000019    -0.000000000000412
1 13
    -0.000000000000353    -0.000000000000009    -0.000000000000009
    -0.000000000000007    -0.000000000001678     0.000000000000137
    -0.000000000000007     0.000000000000137    -0.000000000001678
1 14
    -0.000000000001739     0.000000000000007     0.000000000000007
     0.000000000000007    -0.000000000001739    -0.000000000000007
     0.000000000000007    -0.000000000000007    -0.000000000001739
1 15
    -0.000000000000412     0.000000000000019    -0.000000000000030
     0.000000000000019    -0.000000000000412     0.000000000000030
    -0.000000000000069     0.000000000000069    -0.000000000001674
1 16
    -0.000000000001678    -0.000000000000007    -0.000000000000137
    -0.000000000000009    -0.000000000000353     0.000000000000009
    -0.000000000000137     0.000000000000007    -0.000000000001678
1 17
     0.282463304212567    -0.141215038830851     0.141215038830851
     0.141228708966422    -0.070614708859270     0.070625116877973
    -0.141228708966422     0.070625116877973    -0.070614708859270
1 18
     0.000000000001796     0.000000000000008    -0.000000000000008
     0.000000000000048     0.000000000001274    -0.000000000000037
    -0.000000000000048    -0.000000000000037     0.000000000001274
1 19
     0.282463304212567    -0.141215038830851    -0.141215038830851
     0.141228708966422    -0.070614708859270    -0.070625116877973
     0.141228708966422    -0.070625116877973    -0.070614708859270
1 20
     0.000000000001796     0.000000000000008     0.000000000000008
     0.000000000000048     0.000000000001274     0.000000000000037
     0.000000000000048     0.000000000000037     0.000000000001274
1 21
     0.282463304212567     0.141215038830851     0.141215038830851
    -0.141228708966422    -0.070614708859270    -0.070625116877973
    -0.141228708966422    -0.070625116877973    -0.070614708859270
1 22
     0.000000000001796    -0.000000000000008    -0.000000000000008
    -0.000000000000048     0.000000000001274     0.000000000000037
    -0.000000000000048     0.000000000000037     0.000000000001274
1 23
     0.282463304212567     0.141215038830851    -0.141215038830851
    -0.141228708966422    -0.070614708859270     0.070625116877973
     0.141228708966422     0.070625116877973    -0.070614708859270
1 24
     0.000000000001796    -0.000000000000008     0.000000000000008
    -0.000000000000048     0.000000000001274    -0.000000000000037
     0.000000000000048    -0.000000000000037     0.000000000001274
1 25
    -4.567538185920196    -2.872861771283571    -2.872861771283571
    -2.872861771283571    -4.567538185920196    -2.872861771283571
    -2.872861771283571    -2.872861771283571    -4.567538185920196
1 26
    -0.000000000001674     0.000000000000069     0.000000000000069
     0.000000000000030    -0.000000000000412    -0.000000000000019
     0.000000000000030    -0.000000000000019    -0.000000000000412
1 27
    -0.000000000000412     0.000000000000030    -0.000000000000019
     0.000000000000069    -0.000000000001674     0.000000000000069
    -0.000000000000019     0.000000000000030    -0.000000000000412
1 28
    -0.000000000001678     0.000000000000137     0.000000000000007
     0.000000000000137    -0.000000000001678     0.000000000000007
     0.000000000000009     0.000000000000009    -0.000000000000353
1 29
    -0.000000000000412    -0.000000000000019     0.000000000000030
    -0.000000000000019    -0.000000000000412     0.000000000000030
     0.000000000000069     0.000000000000069    -0.000000000001674
1 30
    -0.000000000001678     0.000000000000007     0.000000000000137
     0.000000000000009    -0.000000000000353     0.000000000000009
     0.000000000000137     0.000000000000007    -0.000000000001678
1 31
    -0.000000000000353     0.000000000000009     0.000000000000009
     0.000000000000007    -0.000000000001678     0.000000000000137
     0.000000000000007     0.000000000000137    -0.000000000001678
1 32
    -0.000000000001739    -0.000000000000007    -0.000000000000007
    -0.000000000000007    -0.000000000001739    -0.000000000000007
    -0.000000000000007    -0.000000000000007    -0.000000000001739
1 33
    -0.070614708859270     0.141228708966422    -0.070625116877973
    -0.141215038830851     0.282463304212567    -0.141215038830851
    -0.070625116877973     0.141228708966422    -0.070614708859270
1 34
    -0.070614708859270     0.141228708966422     0.070625116877973
    -0.141215038830851     0.282463304212567     0.141215038830851
     0.070625116877973    -0.141228708966422    -0.070614708859270
1 35
     0.000000000001274     0.000000000000048     0.000000000000037
     0.000000000000008     0.000000000001796     0.000000000000008
     0.000000000000037     0.000000000000048     0.000000000001274
1 36
     0.000000000001274     0.000000000000048    -0.000000000000037
     0.000000000000008     0.000000000001796    -0.000000000000008
    -0.000000000000037    -0.000000000000048     0.000000000001274
1 37
    -0.070614708859270    -0.141228708966422     0.070625116877973
     0.141215038830851     0.282463304212567    -0.141215038830851
     0.070625116877973     0.141228708966422    -0.070614708859270
1 38
    -0.070614708859270    -0.141228708966422    -0.070625116877973
     0.141215038830851     0.282463304212567     0.141215038830851
    -0.070625116877973    -0.141228708966422    -0.070614708859270
1 39
     0.000000000001274    -0.000000000000048    -0.000000000000037
    -0.000000000000008     0.000000000001796     0.000000000000008
    -0.000000000000037     0.000000000000048     0.000000000001274
1 40
     0.000000000001274    -0.000000000000048     0.000000000000037
    -0.000000000000008     0.000000000001796    -0.000000000000008
     0.000000000000037    -0.000000000000048     0.000000000001274
1 41
    -0.000000000000412     0.000000000000030     0.000000000000019
     0.000000000000069    -0.000000000001674    -0.000000000000069
     0.000000000000019    -0.000000000000030    -0.000000000000412
1 42
    -0.000000000001678     0.000000000000137    -0.000000000000007
     0.000000000000137    -0.000000000001678    -0.000000000000007
    -0.000000000000009    -0.000000000000009    -0.000000000000353
1 43
    -4.567538185920196    -2.872861771283571     2.872861771283571
    -2.872861771283572    -4.567538185920196     2.872861771283571
     2.872861771283571     2.872861771283572    -4.567538185920196
1 44
    -0.000000000001674     0.000000000000069    -0.000000000000069
     0.000000000000030    -0.000000000000412     0.000000000000019
    -0.000000000000030     0.000000000000019    -0.000000000000412
1 45
    -0.000000000000353     0.000000000000009    -0.000000000000009
     0.000000000000007    -0.000000000001678    -0.000000000000137
    -0.000000000000007    -0.000000000000137    -0.000000000001678
1 46
    -0.000000000001739    -0.000000000000007     0.000000000000007
    -0.000000000000007    -0.000000000001739     0.000000000000007
     0.000000000000007     0.000000000000007    -0.000000000001739
1 47
    -0.000000000000412    -0.000000000000019    -0.000000000000030
    -0.000000000000019    -0.000000000000412    -0.000000000000030
    -0.000000000000069    -0.000000000000069    -0.000000000001674
1 48
    -0.000000000001678     0.000000000000007    -0.000000000000137
     0.000000000000009    -0.000000000000353    -0.000000000000009
    -0.000000000000137    -0.000000000000007    -0.000000000001678
1 49
    -0.070614708859270     0.070625116877973    -0.141228708966422
     0.070625116877973    -0.070614708859270     0.141228708966422
     0.141215038830851    -0.141215038830851     0.282463304212567
1 50
    -0.070614708859270    -0.070625116877973    -0.141228708966422
    -0.070625116877973    -0.070614708859270    -0.141228708966422
     0.141215038830851     0.141215038830851     0.282463304212567
1 51
    -0.070614708859270    -0.070625116877973     0.141228708966422
    -0.070625116877973    -0.070614708859270     0.141228708966422
    -0.141215038830851    -0.141215038830851     0.282463304212567
1 52
    -0.070614708859270     0.070625116877973     0.141228708966422
     0.070625116877973    -0.070614708859270    -0.141228708966422
    -0.141215038830851     0.141215038830851     0.282463304212567
1 53
     0.000000000001274    -0.000000000000037    -0.000000000000048
    -0.000000000000037     0.000000000001274     0.000000000000048
    -0.000000000000008     0.000000000000008     0.000000000001796
1 54
     0.000000000001274     0.000000000000037    -0.000000000000048
     0.000000000000037     0.000000000001274    -0.000000000000048
    -0.000000000000008    -0.000000000000008     0.000000000001796
1 55
     0.000000000001274     0.000000000000037     0.000000000000048
     0.000000000000037     0.000000000001274     0.000000000000048
     0.000000000000008     0.000000000000008     0.000000000001796
1 56
     0.000000000001274    -0.000000000000037     0.000000000000048
    -0.000000000000037     0.000000000001274    -0.000000000000048
     0.000000000000008    -0.000000000000008     0.000000000001796
1 57
    -4.567538185920196     2.872861771283572    -2.872861771283572
     2.872861771283572    -4.567538185920196     2.872861771283571
    -2.872861771283571     2.872861771283571    -4.567538185920196
1 58
    -0.000000000001674    -0.000000000000069     0.000000000000069
    -0.000000000000030    -0.000000000000412     0.000000000000019
     0.000000000000030     0.000000000000019    -0.000000000000412
1 59
    -0.000000000000412    -0.000000000000030    -0.000000000000019
    -0.000000000000069    -0.000000000001674    -0.000000000000069
    -0.000000000000019    -0.000000000000030    -0.000000000000412
1 60
    -0.000000000001678    -0.000000000000137     0.000000000000007
    -0.000000000000137    -0.000000000001678    -0.000000000000007
     0.000000000000009    -0.000000000000009    -0.000000000000353
1 61
    -0.000000000000412     0.000000000000019     0.000000000000030
     0.000000000000019    -0.000000000000412    -0.000000000000030
     0.000000000000069    -0.000000000000069    -0.000000000001674
1 62
    -0.000000000001678    -0.000000000000007     0.000000000000137
    -0.000000000000009    -0.000000000000353    -0.000000000000009
     0.000000000000137    -0.000000000000007    -0.000000000001678
1 63
    -0.000000000000353    -0.000000000000009     0.000000000000009
    -0.000000000000007    -0.000000000001678    -0.000000000000137
     0.000000000000007    -0.000000000000137    -0.000000000001678
1 64
    -0.000000000001739     0.000000000000007    -0.000000000000007
     0.000000000000007    -0.000000000001739     0.000000000000007
    -0.000000000000007     0.000000000000007    -0.000000000001739
2 1
     0.000000000001435    -0.000000000000000    -0.000000000000000
    -0.000000000000000    -0.000000000000017     0.000000000000000
     0.000000000000000    -0.000000000000000    -0.000000000000017
2 2
    17.705217197712781     0.000000000000000    -0.000000000000000
     0.000000000000000    17.705217197712781    -0.000000000000000
     0.000000000000000    -0.000000000000000    17.705217197712784
2 3
     0.000000000001590    -0.000000000000000    -0.000000000000000
     0.000000000000000     0.000000000001590     0.000000000000000
     0.000000000000000    -0.000000000000000    -0.000000000000034
2 4
    -0.000000000000017     0.000000000000000    -0.000000000000000
     0.000000000000000     0.000000000001435     0.000000000000000
     0.000000000000000     0.000000000000000    -0.000000000000017
2 5
     0.000000000001590    -0.000000000000000     0.000000000000000
    -0.000000000000000    -0.000000000000034    -0.000000000000000
     0.000000000000000     0.000000000000000     0.000000000001590
2 6
    -0.000000000000017    -0.000000000000000     0.000000000000000
     0.000000000000000    -0.000000000000017    -0.000000000000000
     0.000000000000000    -0.000000000000000     0.000000000001435
2 7
     0.000000000001738     0.000000000000000     0.000000000000000
     0.000000000000000     0.000000000001738    -0.000000000000000
     0.000000000000000     0.000000000000000     0.000000000001738
2 8
    -0.000000000000034     0.000000000000000     0.000000000000000
     0.000000000000000     0.000000000001590     0.000000000000000
     0.000000000000000    -0.000000000000000     0.000000000001590
2 9
    -0.000000000001678    -0.000000000000137    -0.000000000000007
    -0.000000000000137    -0.000000000001678     0.000000000000007
    -0.000000000000009     0.000000000000009    -0.000000000000353
2 10
    -0.000000000000412    -0.000000000000030     0.000000000000019
    -0.000000000000069    -0.000000000001674     0.000000000000069
     0.000000000000019     0.000000000000030    -0.000000000000412
2 11
    -0.000000000001674    -0.000000000000069    -0.000000000000069
    -0.000000000000030    -0.000000000000412    -0.000000000000019
    -0.000000000000030    -0.000000000000019    -0.000000000000412
2 12
    -4.567538185920196     2.872861771283571     2.872861771283571
     2.872861771283571    -4.567538185920195    -2.872861771283571
     2.872861771283571    -2.872861771283571    -4.567538185920196
2 13
    -0.000000000001739     0.000000000000007     0.000000000000007
     0.000000000000007    -0.000000000001739    -0.000000000000007
     0.000000000000007    -0.000000000000007    -0.000000000001739
2 14
    -0.000000000000353    -0.000000000000009    -0.000000000000009
    -0.000000000000007    -0.000000000001678     0.000000000000137
    -0.000000000000007     0.000000000000137    -0.000000000001678
2 15
    -0.000000000001678    -0.000000000000007    -0.000000000000137
    -0.000000000000009    -0.000000000000353     0.000000000000009
    -0.000000000000137     0.000000000000007    -0.000000000001678
2 16
    -0.000000000000412     0.000000000000019    -0.000000000000030
     0.000000000000019    -0.000000000000412     0.000000000000030
    -0.000000000000069     0.000000000000069    -0.000000000001674
2 17
     0.000000000001796     0.000000000000008    -0.000000000000008
     0.000000000000048     0.000000000001274    -0.000000000000037
    -0.000000000000048    -0.000000000000037     0.000000000001274
2 18
     0.282463304212567    -0.141215038830851     0.141215038830851
     0.141228708966422    -0.070614708859270     0.070625116877973
    -0.141228708966422     0.070625116877973    -0.070614708859270
2 19
     0.000000000001796     0.000000000000008     0.000000000000008
     0.000000000000048     0.000000000001274     0.000000000000037
     0.000000000000048     0.000000000000037     0.000000000001274
2 20
     0.282463304212567    -0.141215038830851    -0.141215038830851
     0.141228708966422    -0.070614708859270    -0.070625116877973
     0.141228708966422    -0.070625116877973    -0.070614708859270
2 21
     0.000000000001796    -0.000000000000008    -0.000000000000008
    -0.000000000000048     0.000000000001274     0.000000000000037
    -0.000000000000048     0.000000000000037     0.000000000001274
2 22
     0.282463304212567     0.141215038830851     0.141215038830851
    -0.141228708966422    -0.070614708859270    -0.070625116877973
    -0.141228708966422    -0.070625116877973    -0.070614708859270
2 23
     0.000000000001796    -0.000000000000008     0.000000000000008
    -0.000000000000048     0.000000000001274    -0.000000000000037
     0.000000000000048    -0.000000000000037     0.000000000001274
2 24
     0.282463304212567     0.141215038830851    -0.141215038830851
    -0.141228708966422    -0.070614708859270     0.070625116877973
     0.141228708966422     0.070625116877973    -0.070614708859270
2 25
    -0.000000000001674     0.000000000000069     0.000000000000069
     0.000000000000030    -0.000000000000412    -0.000000000000019
     0.000000000000030    -0.000000000000019    -0.000000000000412
2 26
    -4.567538185920195    -2.872861771283571    -2.872861771283571
    -2.872861771283571    -4.567538185920196    -2.872861771283571
    -2.872861771283571    -2.872861771283571    -4.567538185920196
2 27
    -0.000000000001678     0.000000000000137     0.000000000000007
     0.000000000000137    -0.000000000001678     0.000000000000007
     0.000000000000009     0.000000000000009    -0.000000000000353
2 28
    -0.000000000000412     0.000000000000030    -0.000000000000019
     0.000000000000069    -0.000000000001674     0.000000000000069
    -0.000000000000019     0.000000000000030    -0.000000000000412
2 29
    -0.000000000001678     0.000000000000007     0.000000000000137
     0.000000000000009    -0.000000000000353     0.000000000000009
     0.000000000000137     0.000000000000007    -0.000000000001678
2 30
    -0.000000000000412    -0.000000000000019     0.000000000000030
    -0.000000000000019    -0.000000000000412     0.000000000000030
     0.000000000000069     0.000000000000069    -0.000000000001674
2 31
    -0.000000000001739    -0.000000000000007    -0.000000000000007
    -0.000000000000007    -0.000000000001739    -0.000000000000007
    -0.000000000000007    -0.000000000000007    -0.000000000001739
2 32
    -0.000000000000353     0.000000000000009     0.000000000000009
     0.000000000000007    -0.000000000001678     0.000000000000137
     0.000000000000007     0.000000000000137    -0.000000000001678
2 33
    -0.070614708859270     0.141228708966422     0.070625116877973
    -0.141215038830851     0.282463304212567     0.141215038830851
     0.070625116877973    -0.141228708966422    -0.070614708859270
2 34
    -0.070614708859270     0.141228708966422    -0.070625116877973
    -0.141215038830851     0.282463304212567    -0.141215038830851
    -0.070625116877973     0.141228708966422    -0.070614708859270
2 35
     0.000000000001274     0.000000000000048    -0.000000000000037
     0.000000000000008     0.000000000001796    -0.000000000000008
    -0.000000000000037    -0.000000000000048     0.000000000001274
2 36
     0.000000000001274     0.000000000000048     0.000000000000037
     0.000000000000008     0.000000000001796     0.000000000000008
     0.000000000000037     0.000000000000048     0.000000000001274
2 37
    -0.070614708859270    -0.141228708966422    -0.070625116877973
     0.141215038830851     0.282463304212567     0.141215038830851
    -0.070625116877973    -0.141228708966422    -0.070614708859270
2 38
    -0.070614708859270    -0.141228708966422     0.070625116877973
     0.141215038830851     0.282463304212567    -0.141215038830851
     0.070625116877973     0.141228708966422    -0.070614708859270
2 39
     0.000000000001274    -0.000000000000048     0.000000000000037
    -0.000000000000008     0.000000000001796    -0.000000000000008
     0.000000000000037    -0.000000000000048     0.000000000001274
2 40
     0.000000000001274    -0.000000000000048    -0.000000000000037
    -0.000000000000008     0.000000000001796     0.000000000000008
    -0.000000000000037     0.000000000000048     0.000000000001274
2 41
    -0.000000000001678     0.000000000000137    -0.000000000000007
     0.000000000000137    -0.000000000001678    -0.000000000000007
    -0.000000000000009    -0.000000000000009    -0.000000000000353
2 42
    -0.000000000000412     0.000000000000030     0.000000000000019
     0.000000000000069    -0.000000000001674    -0.000000000000069
     0.000000000000019    -0.000000000000030    -0.000000000000412
2 43
    -0.000000000001674     0.000000000000069    -0.000000000000069
     0.000000000000030    -0.000000000000412     0.000000000000019
    -0.000000000000030     0.000000000000019    -0.000000000000412
2 44
    -4.567538185920196    -2.872861771283571     2.872861771283571
    -2.872861771283570    -4.567538185920196     2.872861771283571
     2.872861771283571     2.872861771283571    -4.567538185920196
2 45
    -0.000000000001739    -0.000000000000007     0.000000000000007
    -0.000000000000007    -0.000000000001739     0.000000000000007
     0.000000000000007     0.000000000000007    -0.000000000001739
2 46
    -0.000000000000353     0.000000000000009    -0.000000000000009
     0.000000000000007    -0.000000000001678    -0.000000000000137
    -0.000000000000007    -0.000000000000137    -0.000000000001678
2 47
    -0.000000000001678     0.000000000000007    -0.000000000000137
     0.000000000000009    -0.000000000000353    -0.000000000000009
    -0.000000000000137    -0.000000000000007    -0.000000000001678
2 48
    -0.000000000000412    -0.000000000000019    -0.000000000000030
    -0.000000000000019    -0.000000000000412    -0.000000000000030
    -0.000000000000069    -0.000000000000069    -0.000000000001674
2 49
    -0.070614708859270    -0.070625116877973    -0.141228708966422
    -0.070625116877973    -0.070614708859270    -0.141228708966422
     0.141215038830851     0.141215038830851     0.282463304212567
2 50
    -0.070614708859270     0.070625116877973    -0.141228708966422
     0.070625116877973    -0.070614708859270     0.141228708966422
     0.141215038830851    -0.141215038830851     0.282463304212567
2 51
    -0.070614708859270     0.070625116877973     0.141228708966422
     0.070625116877973    -0.070614708859270    -0.141228708966422
    -0.141215038830851     0.141215038830851     0.282463304212567
2 52
    -0.070614708859270    -0.070625116877973     0.141228708966422
    -0.070625116877973    -0.070614708859270     0.141228708966422
    -0.141215038830851    -0.141215038830851     0.282463304212567
2 53
     0.000000000001274     0.000000000000037    -0.000000000000048
     0.000000000000037     0.000000000001274    -0.000000000000048
    -0.000000000000008    -0.000000000000008     0.000000000001796
2 54
     0.000000000001274    -0.000000000000037    -0.000000000000048
    -0.000000000000037     0.000000000001274     0.000000000000048
    -0.000000000000008     0.000000000000008     0.000000000001796
2 55
     0.000000000001274    -0.000000000000037     0.000000000000048
    -0.000000000000037     0.000000000001274    -0.000000000000048
     0.000000000000008    -0.000000000000008     0.000000000001796
2 56
     0.000000000001274     0.000000000000037     0.000000000000048
     0.000000000000037     0.000000000001274     0.000000000000048
     0.000000000000008     0.000000000000008     0.000000000001796
2 57
    -0.000000000001674    -0.000000000000069     0.000000000000069
    -0.000000000000030    -0.000000000000412     0.000000000000019
     0.000000000000030     0.000000000000019    -0.000000000000412
2 58
    -4.567538185920196     2.872861771283571    -2.872861771283571
     2.872861771283571    -4.567538185920195     2.872861771283571
    -2.872861771283572     2.872861771283571    -4.567538185920196
2 59
    -0.000000000001678    -0.000000000000137     0.000000000000007
    -0.000000000000137    -0.000000000001678    -0.000000000000007
     0.000000000000009    -0.000000000000009    -0.000000000000353
2 60
    -0.000000000000412    -0.000000000000030    -0.000000000000019
    -0.000000000000069    -0.000000000001674    -0.000000000000069
    -0.000000000000019    -0.000000000000030    -0.000000000000412
2 61
    -0.000000000001678    -0.000000000000007     0.000000000000137
    -0.000000000000009    -0.000000000000353    -0.000000000000009
     0.000000000000137    -0.000000000000007    -0.000000000001678
2 62
    -0.000000000000412     0.000000000000019     0.000000000000030
     0.000000000000019    -0.000000000000412    -0.000000000000030
     0.000000000000069    -0.000000000000069    -0.000000000001674
2 63
    -0.000000000001739     0.000000000000007    -0.000000000000007
     0.000000000000007    -0.000000000001739     0.000000000000007
    -0.000000000000007     0.000000000000007    -0.000000000001739
2 64
    -0.000000000000353    -0.000000000000009     0.000000000000009
    -0.000000000000007    -0.000000000001678    -0.000000000000137
     0.000000000000007    -0.000000000000137    -0.000000000001678
3 1
    -0.000000000000017     0.000000000000000     0.000000000000000
     0.000000000000000     0.000000000001435     0.000000000000000
    -0.000000000000000    -0.000000000000000    -0.000000000000017
3 2
     0.000000000001590    -0.000000000000000     0.000000000000000
     0.000000000000000     0.000000000001590     0.000000000000000
    -0.000000000000000    -0.000000000000000    -0.000000000000034
3 3
    17.705217197712781    -0.000000000000000    -0.000000000000000
    -0.000000000000000    17.705217197712781     0.000000000000000
    -0.000000000000000    -0.000000000000000    17.705217197712784
3 4
     0.000000000001435    -0.000000000000000     0.000000000000000
    -0.000000000000000    -0.000000000000017     0.000000000000000
     0.000000000000000    -0.000000000000000    -0.000000000000017
3 5
    -0.000000000000034     0.000000000000000    -0.000000000000000
     0.000000000000000     0.000000000001590    -0.000000000000000
     0.000000000000000    -0.000000000000000     0.000000000001590
3 6
     0.000000000001738    -0.000000000000000    -0.000000000000000
    -0.000000000000000     0.000000000001738    -0.000000000000000
     0.000000000000000    -0.000000000000000     0.000000000001738
3 7
    -0.000000000000017    -0.000000000000000    -0.000000000000000
     0.000000000000000    -0.000000000000017    -0.000000000000000
    -0.000000000000000    -0.000000000000000     0.000000000001435
3 8
     0.000000000001590    -0.000000000000000     0.000000000000000
    -0.000000000000000    -0.000000000000034    -0.000000000000000
    -0.000000000000000    -0.000000000000000     0.000000000001590
3 9
    -4.567538185920196     2.872861771283570     2.872861771283571
     2.872861771283571    -4.567538185920196    -2.872861771283571
     2.872861771283571    -2.872861771283571    -4.567538185920196
3 10
    -0.000000000001674    -0.000000000000069    -0.000000000000069
    -0.000000000000030    -0.000000000000412    -0.000000000000019
    -0.000000000000030    -0.000000000000019    -0.000000000000412
3 11
    -0.000000000000412    -0.000000000000030     0.000000000000019
    -0.000000000000069    -0.000000000001674     0.000000000000069
     0.000000000000019     0.000000000000030    -0.000000000000412
3 12
    -0.000000000001678    -0.000000000000137    -0.000000000000007
    -0.000000000000137    -0.000000000001678     0.000000000000007
    -0.000000000000009     0.000000000000009    -0.000000000000353
3 13
    -0.000000000000412     0.000000000000019    -0.000000000000030
     0.000000000000019    -0.000000000000412     0.000000000000030
    -0.000000000000069     0.000000000000069    -0.000000000001674
3 14
    -0.000000000001678    -0.000000000000007    -0.000000000000137
    -0.000000000000009    -0.000000000000353     0.000000000000009
    -0.000000000000137     0.000000000000007    -0.000000000001678
3 15
    -0.000000000000353    -0.000000000000009    -0.000000000000009
    -0.000000000000007    -0.000000000001678     0.000000000000137
    -0.000000000000007     0.000000000000137    -0.000000000001678
3 16
    -0.000000000001739     0.000000000000007     0.000000000000007
     0.000000000000007    -0.000000000001739    -0.000000000000007
     0.000000000000007    -0.000000000000007    -0.000000000001739
3 17
     0.282463304212567    -0.141215038830851    -0.141215038830851
     0.141228708966422    -0.070614708859270    -0.070625116877973
     0.141228708966422    -0.070625116877973    -0.070614708859270
3 18
     0.000000000001796     0.000000000000008     0.000000000000008
     0.000000000000048     0.000000000001274     0.000000000000037
     0.000000000000048     0.000000000000037     0.000000000001274
3 19
     0.282463304212567    -0.141215038830851     0.141215038830851
     0.141228708966422    -0.070614708859270     0.070625116877973
    -0.141228708966422     0.070625116877973    -0.070614708859270
3 20
     0.000000000001796     0.000000000000008    -0.000000000000008
     0.000000000000048     0.000000000001274    -0.000000000000037
    -0.000000000000048    -0.000000000000037     0.000000000001274
3 21
     0.282463304212567     0.141215038830851    -0.141215038830851
    -0.141228708966422    -0.070614708859270     0.070625116877973
     0.141228708966422     0.070625116877973    -0.070614708859270
3 22
     0.000000000001796    -0.000000000000008     0.000000000000008
    -0.000000000000048     0.000000000001274    -0.000000000000037
     0.000000000000048    -0.000000000000037     0.000000000001274
3 23
     0.282463304212567     0.141215038830851     0.141215038830851
    -0.141228708966422    -0.070614708859270    -0.070625116877973
    -0.141228708966422    -0.070625116877973    -0.070614708859270
3 24
     0.000000000001796    -0.000000000000008    -0.000000000000008
    -0.000000000000048     0.000000000001274     0.000000000000037
    -0.000000000000048     0.000000000000037     0.000000000001274
3 25
    -0.000000000000412     0.000000000000030    -0.000000000000019
     0.000000000000069    -0.000000000001674     0.000000000000069
    -0.000000000000019     0.000000000000030    -0.000000000000412
3 26
    -0.000000000001678     0.000000000000137     0.000000000000007
     0.000000000000137    -0.000000000001678     0.000000000000007
     0.000000000000009     0.000000000000009    -0.000000000000353
3 27
    -4.567538185920195    -2.872861771283571    -2.872861771283571
    -2.872861771283571    -4.567538185920196    -2.872861771283571
    -2.872861771283571    -2.872861771283571    -4.567538185920196
3 28
    -0.000000000001674     0.000000000000069     0.000000000000069
     0.000000000000030    -0.000000000000412    -0.000000000000019
     0.000000000000030    -0.000000000000019    -0.000000000000412
3 29
    -0.000000000000353     0.000000000000009     0.000000000000009
     0.000000000000007    -0.000000000001678     0.000000000000137
     0.000000000000007     0.000000000000137    -0.000000000001678
3 30
    -0.000000000001739    -0.000000000000007    -0.000000000000007
    -0.000000000000007    -0.000000000001739    -0.000000000000007
    -0.000000000000007    -0.000000000000007    -0.000000000001739
3 31
    -0.000000000000412    -0.000000000000019     0.000000000000030
    -0.000000000000019    -0.000000000000412     0.000000000000030
     0.000000000000069     0.000000000000069    -0.000000000001674
3 32
    -0.000000000001678     0.000000000000007     0.000000000000137
     0.000000000000009    -0.000000000000353     0.000000000000009
     0.000000000000137     0.000000000000007    -0.000000000001678
3 33
     0.000000000001274     0.000000000000048     0.000000000000037
     0.000000000000008     0.000000000001796     0.000000000000008
     0.000000000000037     0.000000000000048     0.000000000001274
3 34
     0.000000000001274     0.000000000000048    -0.000000000000037
     0.000000000000008     0.000000000001796    -0.000000000000008
    -0.000000000000037    -0.000000000000048     0.000000000001274
3 35
    -0.070614708859270     0.141228708966422    -0.070625116877973
    -0.141215038830851     0.282463304212567    -0.141215038830851
    -0.070625116877973     0.141228708966422    -0.070614708859270
3 36
    -0.070614708859270     0.141228708966422     0.070625116877973
    -0.141215038830851     0.282463304212567     0.141215038830851
     0.070625116877973    -0.141228708966422    -0.070614708859270
3 37
     0.000000000001274    -0.000000000000048    -0.000000000000037
    -0.000000000000008     0.000000000001796     0.000000000000008
    -0.000000000000037     0.000000000000048     0.000000000001274
3 38
     0.000000000001274    -0.000000000000048     0.000000000000037
    -0.000000000000008     0.000000000001796    -0.000000000000008
     0.000000000000037    -0.000000000000048     0.000000000001274
3 39
    -0.070614708859270    -0.141228708966422     0.070625116877973
     0.141215038830851     0.282463304212567    -0.141215038830851
     0.070625116877973     0.141228708966422    -0.070614708859270
3 40
    -0.070614708859270    -0.141228708966422    -0.070625116877973
     0.141215038830851     0.282463304212567     0.141215038830851
    -0.070625116877973    -0.141228708966422    -0.070614708859270
3 41
    -4.567538185920195    -2.872861771283571     2.872861771283571
    -2.872861771283571    -4.567538185920196     2.872861771283571
     2.872861771283571     2.872861771283572    -4.567538185920196
3 42
    -0.000000000001674     0.000000000000069    -0.000000000000069
     0.000000000000030    -0.000000000000412     0.000000000000019
    -0.000000000000030     0.000000000000019    -0.000000000000412
3 43
    -0.000000000000412     0.000000000000030     0.000000000000019
     0.000000000000069    -0.000000000001674    -0.000000000000069
     0.000000000000019    -0.000000000000030    -0.000000000000412
3 44
    -0.000000000001678     0.000000000000137    -0.000000000000007
     0.000000000000137    -0.000000000001678    -0.000000000000007
    -0.000000000000009    -0.000000000000009    -0.000000000000353
3 45
    -0.000000000000412    -0.000000000000019    -0.000000000000030
    -0.000000000000019    -0.000000000000412    -0.000000000000030
    -0.000000000000069    -0.000000000000069    -0.000000000001674
3 46
    -0.000000000001678     0.000000000000007    -0.000000000000137
     0.000000000000009    -0.000000000000353    -0.000000000000009
    -0.000000000000137    -0.000000000000007    -0.000000000001678
3 47
    -0.000000000000353     0.000000000000009    -0.000000000000009
     0.000000000000007    -0.000000000001678    -0.000000000000137
    -0.000000000000007    -0.000000000000137    -0.000000000001678
3 48
    -0.000000000001739    -0.000000000000007     0.000000000000007
    -0.000000000000007    -0.000000000001739     0.000000000000007
     0.000000000000007     0.000000000000007    -0.000000000001739
3 49
    -0.070614708859270    -0.070625116877973     0.141228708966422
    -0.070625116877973    -0.070614708859270     0.141228708966422
    -0.141215038830851    -0.141215038830851     0.282463304212567
3 50
    -0.070614708859270     0.070625116877973     0.141228708966422
     0.070625116877973    -0.070614708859270    -0.141228708966422
    -0.141215038830851     0.141215038830851     0.282463304212567
3 51
    -0.070614708859270     0.070625116877973    -0.141228708966422
     0.070625116877973    -0.070614708859270     0.141228708966422
     0.141215038830851    -0.141215038830851     0.282463304212567
3 52
    -0.070614708859270    -0.070625116877973    -0.141228708966422
    -0.070625116877973    -0.070614708859270    -0.141228708966422
     0.141215038830851     0.141215038830851     0.282463304212567
3 53
     0.000000000001274     0.000000000000037     0.000000000000048
     0.000000000000037     0.000000000001274     0.000000000000048
     0.000000000000008     0.000000000000008     0.000000000001796
3 54
     0.000000000001274    -0.000000000000037     0.000000000000048
    -0.000000000000037     0.000000000001274    -0.000000000000048
     0.000000000000008    -0.000000000000008     0.000000000001796
3 55
     0.000000000001274    -0.000000000000037    -0.000000000000048
    -0.000000000000037     0.000000000001274     0.000000000000048
    -0.000000000000008     0.000000000000008     0.000000000001796
3 56
     0.000000000001274     0.000000000000037    -0.000000000000048
     0.000000000000037     0.000000000001274    -0.000000000000048
    -0.000000000000008    -0.000000000000008     0.000000000001796
3 57
    -0.000000000000412    -0.000000000000030    -0.000000000000019
    -0.000000000000069    -0.000000000001674    -0.000000000000069
    -0.000000000000019    -0.000000000000030    -0.000000000000412
3 58
    -0.000000000001678    -0.000000000000137     0.000000000000007
    -0.000000000000137    -0.000000000001678    -0.000000000000007
     0.000000000000009    -0.000000000000009    -0.000000000000353
3 59
    -4.567538185920196     2.872861771283571    -2.872861771283571
     2.872861771283571    -4.567538185920195     2.872861771283571
    -2.872861771283571     2.872861771283571    -4.567538185920196
3 60
    -0.000000000001674    -0.000000000000069     0.000000000000069
    -0.000000000000030    -0.000000000000412     0.000000000000019
     0.000000000000030     0.000000000000019    -0.000000000000412
3 61
    -0.000000000000353    -0.000000000000009     0.000000000000009
    -0.000000000000007    -0.000000000001678    -0.000000000000137
     0.000000000000007    -0.000000000000137    -0.000000000001678
3 62
    -0.000000000001739     0.000000000000007    -0.000000000000007
     0.000000000000007    -0.000000000001739     0.000000000000007
    -0.000000000000007     0.000000000000007    -0.000000000001739
3 63
    -0.000000000000412     0.000000000000019     0.000000000000030
     0.000000000000019    -0.000000000000412    -0.000000000000030
     0.000000000000069    -0.000000000000069    -0.000000000001674
3 64
    -0.000000000001678    -0.000000000000007     0.000000000000137
    -0.000000000000009    -0.000000000000353    -0.000000000000009
     0.000000000000137    -0.000000000000007    -0.000000000001678
4 1
     0.000000000001590     0.000000000000000     0.000000000000000
    -0.000000000000000     0.000000000001590     0.000000000000000
    -0.000000000000000    -0.000000000000000    -0.000000000000034
4 2
    -0.000000000000017    -0.000000000000000     0.000000000000000
    -0.000000000000000     0.000000000001435     0.000000000000000
    -0.000000000000000     0.000000000000000    -0.000000000000017
4 3
